"T1-Corporate Ethics";"T2-Accountability";"T3-Participation";"T4-Rule of Law";"T5-Holistic Management";"T6-Atmosphere";"T7-Water";"T8-Land";"T9-Biodiversity";"T10-Materials and Energy";"T11-Animal Welfare";"T12-Investment";"T13-Vulnerability";"T14-Product Quality and Information";"T15-Local Economy";"T16-Decent Livelihood";"T17-Fair Traiding Practices";"T18-Labour Rights";"T19-Equity";"T20-Human Safety and Health";"T21-Cultural Diversity"
1;0.54;0.12;0.21;0.37;-0.11;-0.02;-0.05;-0.04;-0.05;-0.13;-0.1;-0.06;0.2;-0.07;0.05;0.07;-0.04;0.22;0.15;0.13
0.54;1;0.14;0.26;0.64;-0.1;-0.12;-0.11;-0.11;-0.07;-0.09;-0.09;-0.05;0.08;-0.05;-0.05;0.05;0;0.01;-0.08;-0.04
0.12;0.14;1;0.32;-0.04;-0.1;-0.05;-0.1;-0.09;-0.11;-0.08;-0.11;-0.05;-0.09;-0.04;0.24;0.06;0.25;0.09;-0.05;0.05
0.21;0.26;0.32;1;0.09;-0.14;-0.02;-0.12;-0.12;-0.04;-0.1;-0.12;-0.14;0.05;0.02;0.18;0.21;0.2;0.06;0.06;0.21
0.37;0.64;-0.04;0.09;1;-0.11;-0.11;-0.11;-0.09;-0.09;-0.08;0.02;0.03;-0.07;-0.04;-0.05;0.04;0;0.01;-0.1;-0.05
-0.11;-0.1;-0.1;-0.14;-0.11;1;0.15;0.33;0.28;0.33;-0.07;0.1;-0.02;-0.08;-0.1;-0.2;-0.07;-0.12;-0.09;-0.06;-0.08
-0.02;-0.12;-0.05;-0.02;-0.11;0.15;1;0.42;0.24;0.33;-0.13;0.09;0.03;0.1;-0.1;-0.17;-0.07;-0.11;-0.09;0.26;-0.08
-0.05;-0.11;-0.1;-0.12;-0.11;0.33;0.42;1;0.44;0.22;-0.18;0.22;0.07;-0.06;-0.09;-0.19;-0.07;-0.12;-0.09;-0.01;-0.08
-0.04;-0.11;-0.09;-0.12;-0.09;0.28;0.24;0.44;1;0.09;-0.13;0.21;0.04;0;-0.08;-0.18;-0.06;-0.1;-0.08;0.06;0.09
-0.05;-0.07;-0.11;-0.04;-0.09;0.33;0.33;0.22;0.09;1;-0.11;0.04;0.03;-0.01;-0.11;-0.21;-0.08;-0.13;-0.1;-0.01;-0.03
-0.13;-0.09;-0.08;-0.1;-0.08;-0.07;-0.13;-0.18;-0.13;-0.11;1;-0.14;-0.11;0.05;-0.07;-0.16;-0.06;-0.09;-0.07;-0.07;-0.05
-0.1;-0.09;-0.11;-0.12;0.02;0.1;0.09;0.22;0.21;0.04;-0.14;1;0.23;-0.1;0.15;0.02;-0.07;-0.12;-0.07;-0.11;0.03
-0.06;-0.05;-0.05;-0.14;0.03;-0.02;0.03;0.07;0.04;0.03;-0.11;0.23;1;0.16;0.02;-0.1;0.02;-0.11;-0.09;0;-0.05
0.2;0.08;-0.09;0.05;-0.07;-0.08;0.1;-0.06;0;-0.01;0.05;-0.1;0.16;1;-0.09;-0.14;0;-0.05;-0.03;0.4;0.03
-0.07;-0.05;-0.04;0.02;-0.04;-0.1;-0.1;-0.09;-0.08;-0.11;-0.07;0.15;0.02;-0.09;1;0.04;0.01;0.16;0.02;-0.1;-0.04
0.05;-0.05;0.24;0.18;-0.05;-0.2;-0.17;-0.19;-0.18;-0.21;-0.16;0.02;-0.1;-0.14;0.04;1;0.14;0.36;0.32;0.08;0.13
0.07;0.05;0.06;0.21;0.04;-0.07;-0.07;-0.07;-0.06;-0.08;-0.06;-0.07;0.02;0;0.01;0.14;1;0.3;0.24;-0.03;0.13
-0.04;0;0.25;0.2;0;-0.12;-0.11;-0.12;-0.1;-0.13;-0.09;-0.12;-0.11;-0.05;0.16;0.36;0.3;1;0.25;-0.03;-0.01
0.22;0.01;0.09;0.06;0.01;-0.09;-0.09;-0.09;-0.08;-0.1;-0.07;-0.07;-0.09;-0.03;0.02;0.32;0.24;0.25;1;-0.03;0.01
0.15;-0.08;-0.05;0.06;-0.1;-0.06;0.26;-0.01;0.06;-0.01;-0.07;-0.11;0;0.4;-0.1;0.08;-0.03;-0.03;-0.03;1;-0.01
0.13;-0.04;0.05;0.21;-0.05;-0.08;-0.08;-0.08;0.09;-0.03;-0.05;0.03;-0.05;0.03;-0.04;0.13;0.13;-0.01;0.01;-0.01;1
